Alava 130.7 225.9 103.8 212.9
Albacete 95.0 85.9 94.9 92.2
Alicante 144.0 164.3 156.1 181.0
Almeria 149.2 154.1 147.7 152.3
Asturias 76.5 75.0 134.2 114.7
Avila 67.8 96.0 63.6 53.3
Badajoz 69.1 95.3 96.6 98.8
Baleares 276.5 285.0 298.9 286.1
Barcelona 215.3 226.1 223.5 225.2
Burgos 50.3 81.3 54.9 107.6
Caceres 104.9 107.1 127.0 134.3
Cadiz 145.4 173.1 162.0 163.7
Canarias 206.5 222.0 244.6 204.5
Cantabria 100.1 115.8 86.4 115.7
Castellon 108.6 81.0 130.5 91.4
Ceuta-Melilla 158.7 175.5 183.2 155.6
Ciudad-Real 103.3 116.7 87.1 120.4
Cordoba 130.2 147.6 139.0 135.0
Coruña 96.3 114.5 117.0 92.5
Cuenca 98.3 75.8 84.3 94.8
Girona 143.2 160.0 167.3 166.1
Granada 143.5 138.5 128.5 127.8
Guadalajara 87.8 73.4 103.1 99.9
Guipuzcoa 197.3 244.9 342.6 287.1
Huelva 111.2 99.1 104.7 102.9
Huesca 80.5 116.5 130.5 71.8
Jaen 133.2 148.0 144.5 122.2
Leon 56.1 38.5 60.3 26.7
Lleida 108.5 101.7 100.0 103.4
Lugo 79.7 74.4 96.5 37.2
Madrid 309.4 315.7 338.4 273.5
Malaga 249.1 269.6 263.9 242.0
Murcia 144.9 150.6 167.3 124.7
Navarra 128.3 118.9 129.3 129.2
Ourense 30.3 21.7 63.1 55.1
Palencia 57.6 68.3 71.7 89.4
Pontevedra 111.8 123.9 117.5 107.9
Rioja 126.0 145.5 60.9 132.0
Salamanca 64.2 80.8 76.8 71.5
Segovia 69.4 98.3 64.5 77.0
Sevilla 172.2 156.8 147.0 146.0
Soria 53.5 54.0 46.1 40.3
Tarragona 98.5 102.5 106.5 120.5
Teruel 61.3 52.1 46.3 96.1
Toledo 82.2 105.3 75.8 97.1
Valencia 190.2 198.3 161.7 192.8
Valladolid 119.9 102.8 95.7 97.7
Vizcaya 208.8 286.0 241.5 243.0
Zamora 42.0 61.1 49.9 77.2
Zaragoza 133.4 102.3 168.0 147.6